dist_matrix = [
    [
        0.0,
        18.6,
        20.6,
        16.1,
        18.1,
        15.1,
        19.0,
        16.0,
        18.1,
        20.0,
        16.7,
        19.6,
        38.0,
        30.8,
        39.3,
        36.0,
        40.3,
        33.3,
        35.3,
        39.0,
        10.0,
        10.1,
        12.1,
        13.0,
        15.0,
        15.1,
    ],
    [
        18.6,
        0.0,
        2.0,
        3.6,
        3.0,
        4.2,
        5.0,
        5.3,
        7.0,
        7.2,
        10.1,
        10.0,
        26.2,
        24.0,
        28.6,
        27.7,
        30.2,
        27.8,
        30.8,
        32.3,
        23.4,
        21.9,
        23.3,
        21.4,
        26.9,
        25.6,
    ],
    [
        20.6,
        2.0,
        0.0,
        5.0,
        3.6,
        5.8,
        5.0,
        6.4,
        7.2,
        7.0,
        10.7,
        10.0,
        25.0,
        23.5,
        27.4,
        26.9,
        29.1,
        27.4,
        30.4,
        31.6,
        25.0,
        23.4,
        24.7,
        22.6,
        28.2,
        26.9,
    ],
    [
        16.1,
        3.6,
        5.0,
        0.0,
        2.0,
        1.0,
        3.6,
        2.0,
        4.4,
        5.6,
        7.0,
        7.6,
        25.4,
        21.9,
        27.5,
        26.0,
        29.0,
        25.6,
        28.4,
        30.4,
        20.0,
        18.4,
        19.7,
        17.8,
        23.3,
        22.0,
    ],
    [
        18.1,
        3.0,
        3.6,
        2.0,
        0.0,
        3.0,
        2.2,
        2.8,
        4.0,
        4.4,
        7.2,
        7.0,
        24.0,
        21.1,
        26.2,
        25.0,
        27.8,
        25.0,
        27.8,
        29.5,
        21.6,
        20.0,
        21.2,
        19.1,
        24.7,
        23.3,
    ],
    [
        15.1,
        4.2,
        5.8,
        1.0,
        3.0,
        0.0,
        4.4,
        2.2,
        5.0,
        6.4,
        7.0,
        8.0,
        26.2,
        22.3,
        28.2,
        26.6,
        29.7,
        26.0,
        28.7,
        30.8,
        19.2,
        17.6,
        19.1,
        17.2,
        22.6,
        21.4,
    ],
    [
        19.0,
        5.0,
        5.0,
        3.6,
        2.2,
        4.4,
        0.0,
        3.0,
        2.2,
        2.2,
        5.8,
        5.0,
        21.9,
        18.9,
        24.0,
        22.8,
        25.6,
        22.8,
        25.7,
        27.3,
        21.4,
        19.7,
        20.8,
        18.4,
        24.2,
        22.6,
    ],
    [
        16.0,
        5.3,
        6.4,
        2.0,
        2.8,
        2.2,
        3.0,
        0.0,
        2.8,
        4.4,
        5.0,
        5.8,
        24.2,
        20.1,
        26.1,
        24.4,
        27.5,
        23.7,
        26.5,
        28.6,
        18.8,
        17.2,
        18.4,
        16.2,
        21.9,
        20.5,
    ],
    [
        18.1,
        7.0,
        7.2,
        4.4,
        4.0,
        5.0,
        2.2,
        2.8,
        0.0,
        2.0,
        3.6,
        3.1,
        21.4,
        17.4,
        23.3,
        21.6,
        24.7,
        21.1,
        24.0,
        25.9,
        19.6,
        17.8,
        18.8,
        16.4,
        22.2,
        20.6,
    ],
    [
        20.0,
        7.2,
        7.0,
        5.6,
        4.4,
        6.4,
        2.2,
        4.4,
        2.0,
        0.0,
        5.0,
        3.1,
        19.8,
        16.7,
        21.9,
        20.5,
        23.4,
        20.6,
        23.5,
        25.0,
        21.5,
        19.6,
        20.5,
        18.0,
        23.8,
        22.2,
    ],
    [
        16.7,
        10.1,
        10.7,
        7.0,
        7.2,
        7.0,
        5.8,
        5.0,
        3.6,
        5.0,
        0.0,
        3.0,
        21.4,
        15.8,
        23.0,
        20.5,
        24.2,
        19.2,
        21.9,
        24.4,
        16.7,
        14.8,
        15.6,
        13.0,
        18.8,
        17.2,
    ],
    [
        19.6,
        10.0,
        10.0,
        7.6,
        7.0,
        8.0,
        5.0,
        5.8,
        3.1,
        3.1,
        3.0,
        0.0,
        18.8,
        14.3,
        20.6,
        18.6,
        21.9,
        18.0,
        20.8,
        22.8,
        19.6,
        17.7,
        18.3,
        15.6,
        21.4,
        19.7,
    ],
    [
        38.0,
        26.2,
        25.0,
        25.4,
        24.0,
        26.2,
        21.9,
        24.2,
        21.4,
        19.8,
        21.4,
        18.8,
        0.0,
        10.4,
        3.0,
        7.0,
        5.0,
        12.2,
        14.1,
        11.1,
        35.3,
        33.3,
        33.1,
        30.1,
        35.0,
        33.0,
    ],
    [
        30.8,
        24.0,
        23.5,
        21.9,
        21.1,
        22.3,
        18.9,
        20.1,
        17.4,
        16.7,
        15.8,
        14.3,
        10.4,
        0.0,
        10.0,
        5.3,
        10.1,
        4.0,
        7.0,
        8.6,
        26.2,
        24.3,
        23.7,
        20.8,
        25.1,
        23.1,
    ],
    [
        39.3,
        28.6,
        27.4,
        27.5,
        26.2,
        28.2,
        24.0,
        26.1,
        23.3,
        21.9,
        23.0,
        20.6,
        3.0,
        10.0,
        0.0,
        5.3,
        2.0,
        10.7,
        12.2,
        8.6,
        35.9,
        33.9,
        33.5,
        30.5,
        35.1,
        33.1,
    ],
    [
        36.0,
        27.7,
        26.9,
        26.0,
        25.0,
        26.6,
        22.8,
        24.4,
        21.6,
        20.5,
        20.5,
        18.6,
        7.0,
        5.3,
        5.3,
        0.0,
        5.0,
        5.3,
        7.0,
        5.0,
        31.6,
        29.7,
        29.1,
        26.2,
        30.4,
        28.4,
    ],
    [
        40.3,
        30.2,
        29.1,
        29.0,
        27.8,
        29.7,
        25.6,
        27.5,
        24.7,
        23.4,
        24.2,
        21.9,
        5.0,
        10.1,
        2.0,
        5.0,
        0.0,
        10.1,
        11.1,
        7.0,
        36.4,
        34.4,
        33.9,
        31.0,
        35.3,
        33.3,
    ],
    [
        33.3,
        27.8,
        27.4,
        25.6,
        25.0,
        26.0,
        22.8,
        23.7,
        21.1,
        20.6,
        19.2,
        18.0,
        12.2,
        4.0,
        10.7,
        5.3,
        10.1,
        0.0,
        3.0,
        5.8,
        27.7,
        25.9,
        25.0,
        22.3,
        25.9,
        24.0,
    ],
    [
        35.3,
        30.8,
        30.4,
        28.4,
        27.8,
        28.7,
        25.7,
        26.5,
        24.0,
        23.5,
        21.9,
        20.8,
        14.1,
        7.0,
        12.2,
        7.0,
        11.1,
        3.0,
        0.0,
        5.0,
        29.1,
        27.4,
        26.4,
        23.8,
        26.9,
        25.0,
    ],
    [
        39.0,
        32.3,
        31.6,
        30.4,
        29.5,
        30.8,
        27.3,
        28.6,
        25.9,
        25.0,
        24.4,
        22.8,
        11.1,
        8.6,
        8.6,
        5.0,
        7.0,
        5.8,
        5.0,
        0.0,
        33.5,
        31.7,
        30.8,
        28.1,
        31.6,
        29.7,
    ],
    [
        10.0,
        23.4,
        25.0,
        20.0,
        21.6,
        19.2,
        21.4,
        18.8,
        19.6,
        21.5,
        16.7,
        19.6,
        35.3,
        26.2,
        35.9,
        31.6,
        36.4,
        27.7,
        29.1,
        33.5,
        0.0,
        2.0,
        2.8,
        5.3,
        5.0,
        5.3,
    ],
    [
        10.1,
        21.9,
        23.4,
        18.4,
        20.0,
        17.6,
        19.7,
        17.2,
        17.8,
        19.6,
        14.8,
        17.7,
        33.3,
        24.3,
        33.9,
        29.7,
        34.4,
        25.9,
        27.4,
        31.7,
        2.0,
        0.0,
        2.0,
        3.6,
        5.3,
        5.0,
    ],
    [
        12.1,
        23.3,
        24.7,
        19.7,
        21.2,
        19.1,
        20.8,
        18.4,
        18.8,
        20.5,
        15.6,
        18.3,
        33.1,
        23.7,
        33.5,
        29.1,
        33.9,
        25.0,
        26.4,
        30.8,
        2.8,
        2.0,
        0.0,
        3.0,
        3.6,
        3.0,
    ],
    [
        13.0,
        21.4,
        22.6,
        17.8,
        19.1,
        17.2,
        18.4,
        16.2,
        16.4,
        18.0,
        13.0,
        15.6,
        30.1,
        20.8,
        30.5,
        26.2,
        31.0,
        22.3,
        23.8,
        28.1,
        5.3,
        3.6,
        3.0,
        0.0,
        5.8,
        4.2,
    ],
    [
        15.0,
        26.9,
        28.2,
        23.3,
        24.7,
        22.6,
        24.2,
        21.9,
        22.2,
        23.8,
        18.8,
        21.4,
        35.0,
        25.1,
        35.1,
        30.4,
        35.3,
        25.9,
        26.9,
        31.6,
        5.0,
        5.3,
        3.6,
        5.8,
        0.0,
        2.0,
    ],
    [
        15.1,
        25.6,
        26.9,
        22.0,
        23.3,
        21.4,
        22.6,
        20.5,
        20.6,
        22.2,
        17.2,
        19.7,
        33.0,
        23.1,
        33.1,
        28.4,
        33.3,
        24.0,
        25.0,
        29.7,
        5.3,
        5.0,
        3.0,
        4.2,
        2.0,
        0.0,
    ],
]

total_cost = 0
max_arc = max(max(row) for row in dist_matrix)
fixed_cost = max_arc * 2 * 25

route1 = [0, 20, 24, 25, 8, 10, 11, 9, 6, 4, 2, 1, 0]
route2 = [0, 5, 3, 7, 19, 15, 16, 14, 12, 22, 21, 0]
route3 = [0, 13, 17, 18, 23, 0]

for i in range(1, len(route1)):
    total_cost += dist_matrix[route1[i - 1]][route1[i]]

for i in range(1, len(route2)):
    total_cost += dist_matrix[route2[i - 1]][route2[i]]

for i in range(1, len(route3)):
    total_cost += dist_matrix[route3[i - 1]][route3[i]]

total_cost += fixed_cost * 3

print("Route #1: ", route1)
print("Route #2: ", route2)
print("Route #3: ", route3)
print("Cost: ", total_cost)
